import numpy as np;

def initialize_mpc():
    # System matrices
    A = np.matrix([[0.951229,0.00752381,-0.0249863,-0.070142,-0.0180567,-0.0180043,-0.136953,-0.0753958,-0.0140927,-0.115576],[0.117328,0.596058,-0.575033,0.043307,0.286455,-0.112205,0.132023,0.0611142,-0.00151061,0.160314],[0.0227491,0.0324079,0.487851,-0.157971,0.606986,-0.439764,-0.0036193,-0.105486,-0.0232541,-0.0366448],[-0.0826326,0.571672,0.361844,-0.149597,0.0955986,0.341664,-0.226744,-0.387602,-0.269625,0.165653],[-0.0350876,-0.0533982,-0.107016,-0.967175,-0.0961389,0.207448,0.212811,-0.0293193,-0.0638068,-0.0552239],[-0.0259474,0.22507,0.0644582,-0.120463,-0.619609,-0.690555,-0.0902143,-0.199194,-0.152915,0.213809],[0.0488174,-0.00569147,0.237283,0.169499,-0.178382,0.163955,0.598382,-0.412401,0.208447,-0.0362922],[-0.0236482,0.0356539,-0.14125,-0.0277814,0.0386317,-0.00401511,0.0988013,-0.444519,0.666101,-0.0985571],[0.0291227,-0.0064314,-0.0889371,0.106425,-0.0287233,0.0699653,0.3991,-0.339445,-0.722574,-0.352411],[0.0490313,-0.0195592,0.0549365,0.0854091,-0.0931043,0.0847688,-0.307663,-0.264757,-0.165434,0.664809]]);
    B = np.matrix([[0.00343725,4.20187e-05,-0.000660643,0.00241425],[0.0132273,0.00329687,-0.00922466,-0.0153674],[0.0222849,0.00280329,-0.00711909,-0.0074254],[-0.0171044,-0.00495181,0.00827054,0.0131455],[0.00110965,-0.00125331,0.00165405,0.0031234],[0.0207525,0.00100445,-0.00626353,-0.00824421],[-0.0125722,-0.001633,-0.000999262,0.00280702],[-0.00590153,-0.000377855,-0.0138571,-0.009427],[0.0151832,0.0020482,-0.0185362,-0.00231897],[0.00269712,-7.98891e-05,-0.00394573,0.00554395]]);
    C = np.matrix([[-40824.9,-37336.6,7774.58,-6173.72,2870.76,-2650.81,-19756.3,-148.129,-4126.54,3526.64],[2800.96,-1235.88,1283.35,-640.795,391.864,-297.257,-454.584,-106.716,-102.444,44.8073]]);
    D = np.matrix([[0,0,0,0],[0,0,0,0]]);

    # Control parameters
    L = 15;
    Q = np.diag(np.tile(np.matrix([[0.006,0.0017]]),[1,L]).tolist()[0]);
    R = np.diag(np.tile(np.matrix([[7,1,1,1]]),[1,L]).tolist()[0]);

    # Control saturations
    Umin = np.matrix([[1],[4],[0],[0]]);
    Umax = np.matrix([[4],[32],[5],[1]]);
    DeltaUmin = np.matrix([[-3],[-28],[-5],[-1]]);
    DeltaUmax = np.matrix([[3],[28],[5],[1]]);

    # Kalman filter matrices
    Qn = np.diag(np.matrix([[1,1,1,1]]).tolist()[0]);
    Rn = np.diag(np.matrix([[1,1]]).tolist()[0]);
    Lk = np.matrix([[1.15163e-09,0.000160699],[1.01388e-06,-0.000280727],[-3.13409e-06,0.000153838],[-2.68903e-05,0.000594962],[-2.88889e-05,0.000189107],[1.50076e-06,-0.000188951],[3.83254e-06,0.000153801],[-4.50285e-06,0.00026021],[3.84955e-05,-0.000316094],[9.66003e-06,0.000254111]]);
    Pk = np.matrix([[2.03523e-05,6.63861e-06,5.94856e-05,-8.1559e-06,3.13425e-05,5.97892e-05,-3.36181e-05,-3.11289e-05,6.40228e-05,2.81574e-05],[6.63861e-06,0.000608657,0.000586246,-0.000640283,-0.000193929,0.000412218,-0.000254806,0.000191601,0.000400531,-3.90831e-05],[5.94856e-05,0.000586246,0.000762685,-0.000651534,-0.000192432,0.000616634,-0.00036755,1.26633e-05,0.000516455,1.87551e-05],[-8.1559e-06,-0.000640283,-0.000651534,0.000925091,0.000353127,-0.000633043,0.000294469,-0.000108794,-0.000392663,3.26503e-05],[3.13425e-05,-0.000193929,-0.000192432,0.000353127,0.000517052,2.78538e-05,2.41041e-05,-8.01409e-05,3.08928e-05,4.05896e-05],[5.97892e-05,0.000412218,0.000616634,-0.000633043,2.78538e-05,0.00124439,-0.00035333,-0.000133978,0.000576839,1.99167e-05],[-3.36181e-05,-0.000254806,-0.00036755,0.000294469,2.41041e-05,-0.00035333,0.000227881,0.000122912,-0.000226208,6.85377e-06],[-3.11289e-05,0.000191601,1.26633e-05,-0.000108794,-8.01409e-05,-0.000133978,0.000122912,0.000450028,9.38409e-05,3.95532e-06],[6.40228e-05,0.000400531,0.000516455,-0.000392663,3.08928e-05,0.000576839,-0.000226208,9.38409e-05,0.000679743,9.56904e-05],[2.81574e-05,-3.90831e-05,1.87551e-05,3.26503e-05,4.05896e-05,1.99167e-05,6.85377e-06,3.95532e-06,9.56904e-05,6.51298e-05]]);

    # Setpoint
    sp = np.matrix([[0],[0],[4]]);

    return A,B,C,D,L,Q,R,Umin,Umax,DeltaUmin,DeltaUmax,Qn,Rn,Lk,Pk,sp;
