import numpy as np;

def initialize_mpc():
    # System matrices
    A = np.matrix([[0.98857,-0.0198655,0.00456275,0.0217033,0.0491446,0.0154469,-0.0294631,0.0472899,-0.0233297,-0.0230268],[0.0558804,0.256875,-0.557831,-0.0791989,-0.068202,-0.0605182,0.0167932,0.0567935,-0.153067,-0.21595],[0.0732064,0.10703,0.703622,-0.3159,-0.306984,-0.236034,0.0846711,-0.155299,0.0596999,0.0727938],[-0.0445192,-0.00622583,-0.00873123,-0.0432296,0.974326,-0.225535,0.205425,-0.170314,0.416992,0.266521],[0.00267988,-0.39467,-0.00367673,-0.338353,0.194226,0.251231,0.20778,-0.342407,-0.0315054,0.0207371],[0.0110283,-0.163913,0.111259,0.768735,-0.277267,-0.394063,0.124735,-0.252586,0.0220604,-0.0127719],[0.0738426,0.332358,0.126093,0.444726,-0.263476,1.08569,0.284386,-0.0631402,-0.187715,-0.541452],[0.00774492,-0.096837,-0.155306,-0.10023,-0.250285,-0.0453296,0.921353,-0.136317,-0.195543,-0.210032],[0.00726776,-0.126893,0.098791,0.00250586,0.30794,-0.100647,-0.457449,0.335093,0.401423,-0.76295],[0.00804844,-0.251785,-0.018725,-0.0588503,-0.168011,-0.119263,0.253914,0.573058,0.397032,0.198413]]);
    B = np.matrix([[0.00649766,0.00162034,0.00180628,0.00499117],[0.0126149,0.00385238,0.00647903,0.0071102],[-0.0366385,-0.00795766,-0.00656114,-0.0258742],[0.00364535,-0.00150602,0.00912018,0.0338418],[-0.0409435,-0.0114823,-0.0151968,-0.0164091],[0.00682914,0.00519905,0.000967237,-0.0227311],[-0.0383015,-0.00716102,0.00111541,-0.00702241],[-0.0311486,-0.0143151,0.00805349,0.0837587],[0.0772626,0.0172468,0.0442392,0.115204],[0.00682951,0.00352251,0.00893341,0.0150538]]);
    C = np.matrix([[39112.5,-18148.3,17882.2,-1766.49,-6379.23,200.5,3853.93,1087.09,4032.75,-453.556],[-909.321,53.0907,193.093,-133.901,-206.006,15.3228,28.4258,-221.784,355.594,-188.419]]);
    D = np.matrix([[0,0,0,0],[0,0,0,0]]);

    # Control parameters
    L = 90;
    Q = np.diag(np.tile(np.matrix([[1.6,0.0001]]),[1,L]).tolist()[0]);
    R = np.diag(np.tile(np.matrix([[10000,50,50,50]]),[1,L]).tolist()[0]);

    # Control saturations
    Umin = np.matrix([[4],[8],[0],[0]]);
    Umax = np.matrix([[14],[64],[5],[1]]);
    DeltaUmin = np.matrix([[-10],[-56],[-5],[-1]]);
    DeltaUmax = np.matrix([[10],[56],[5],[1]]);

    # Kalman filter matrices
    Qn = np.diag(np.matrix([[1,1,1,1]]).tolist()[0]);
    Rn = np.diag(np.matrix([[1,1]]).tolist()[0]);
    Lk = np.matrix([[2.73642e-06,7.9976e-05],[-3.94557e-05,1.31679e-05],[-1.54126e-05,-0.000319806],[-9.58549e-07,-5.50514e-05],[-6.78085e-05,-0.00102618],[5.47844e-05,0.000787574],[-4.01012e-05,-0.000818361],[-6.75689e-05,-0.00157186],[-1.26891e-05,0.000378967],[0.000126067,0.00160746]]);
    Pk = np.matrix([[0.000105829,0.000171607,-0.000507748,0.000398923,-0.000676181,-3.16298e-05,-0.000505349,9.99607e-05,0.00159866,0.000590642],[0.000171607,0.000635706,-0.000809422,0.000631686,-0.000572051,-0.000674106,-0.000215634,0.00106255,0.00323388,0.000373069],[-0.000507748,-0.000809422,0.00261536,-0.00166234,0.0032603,9.68857e-05,0.00247695,-0.000333921,-0.00773098,-0.00248115],[0.000398923,0.000631686,-0.00166234,0.00374381,-0.00299951,-0.000742622,-0.00232493,0.00304012,0.00799002,0.004657],[-0.000676181,-0.000572051,0.0032603,-0.00299951,0.00607228,-0.00128942,0.0049275,0.00225768,-0.00919813,-0.0062034],[-3.16298e-05,-0.000674106,9.68857e-05,-0.000742622,-0.00128942,0.00194308,-0.00145005,-0.00424512,-0.00280693,0.000929055],[-0.000505349,-0.000215634,0.00247695,-0.00232493,0.0049275,-0.00145005,0.00473998,0.00288048,-0.00590876,-0.00511683],[9.99607e-05,0.00106255,-0.000333921,0.00304012,0.00225768,-0.00424512,0.00288048,0.0119889,0.00811259,-0.00114493],[0.00159866,0.00323388,-0.00773098,0.00799002,-0.00919813,-0.00280693,-0.00590876,0.00811259,0.0289594,0.00892828],[0.000590642,0.000373069,-0.00248115,0.004657,-0.0062034,0.000929055,-0.00511683,-0.00114493,0.00892828,0.00917411]]);

    # Setpoint
    sp = np.matrix([[0],[0]]);

    return A,B,C,D,L,Q,R,Umin,Umax,DeltaUmin,DeltaUmax,Qn,Rn,Lk,Pk,sp;
